0 0 0 0 0 
0.1 7.35032 14.3908 -2.58984 19.9257 
0.2 13.7928 27.5312 -4.92188 37.866 
0.3 19.3274 39.4214 -6.99609 53.8208 
0.4 23.9541 50.0613 -8.8125 67.7903 
0.5 27.6729 59.4508 -10.3711 79.7745 
0.6 30.4839 67.5901 -11.6719 89.7732 
0.7 32.387 74.4791 -12.7148 97.7865 
0.8 33.3823 80.1179 -13.5 103.814 
0.9 33.4697 84.5063 -14.0273 107.857 
1 32.6492 87.6444 -14.2969 109.914 
1.1 30.9208 89.5322 -14.3086 109.986 
1.2 28.2846 90.1698 -14.0625 108.072 
1.3 24.7405 89.557 -13.5586 104.173 
1.4 20.2885 87.694 -12.7969 98.2888 
1.5 14.9287 84.5806 -11.7773 90.4189 
1.6 8.661 80.217 -10.5 80.5637 
1.7 1.48543 74.6031 -8.96484 68.7231 
1.8 -6.59801 67.7389 -7.17187 54.8971 
1.9 -15.5893 59.6244 -5.12109 39.0858 
2 -25.4885 50.2596 -2.8125 21.289 
2.1 -35.3733 40.6243 -0.424219 3.21331 
2.2 -44.3215 31.6984 1.86563 -13.4347 
2.3 -52.3332 23.4818 4.05703 -28.6552 
2.4 -59.4082 15.9745 6.15 -42.448 
2.5 -65.5467 9.17649 8.14453 -54.8132 
2.6 -70.7485 3.08784 10.0406 -65.7509 
2.7 -75.0138 -2.29148 11.8383 -75.2608 
2.8 -78.3425 -6.96147 13.5375 -83.3432 
2.9 -80.7346 -10.9221 15.1383 -89.998 
3 -82.1901 -14.1735 16.6406 -95.2252 
3.1 -82.709 -16.7155 18.0445 -99.0247 
3.2 -82.2913 -18.5482 19.35 -101.397 
3.3 -80.9371 -19.6715 20.557 -102.341 
3.4 -78.6462 -20.0856 21.6656 -101.858 
3.5 -75.4188 -19.7903 22.6758 -99.9468 
3.6 -71.2547 -18.7857 23.5875 -96.6083 
3.7 -66.1541 -17.0717 24.4008 -91.8421 
3.8 -60.1169 -14.6484 25.1156 -85.6484 
3.9 -53.1431 -11.5158 25.732 -78.0271 
4 -45.2327 -7.67393 26.25 -68.9781 
4.1 -37.1804 -3.81376 26.6742 -59.5841 
4.2 -29.7808 -0.626423 27.0094 -50.9277 
4.3 -23.0338 1.88808 27.2555 -43.0089 
4.4 -16.9395 3.72974 27.4125 -35.8277 
4.5 -11.498 4.89857 27.4805 -29.384 
4.6 -6.70911 5.39457 27.4594 -23.6779 
4.7 -2.57293 5.21773 27.3492 -18.7094 
4.8 0.910565 4.36806 27.15 -14.4785 
4.9 3.74136 2.84555 26.8617 -10.9852 
5 5.91947 0.650205 26.4844 -8.22943 
5.1 7.44488 -2.21797 26.018 -6.21126 
5.2 8.3176 -5.75898 25.4625 -4.93067 
5.3 8.53763 -9.97283 24.818 -4.38765 
5.4 8.10497 -14.8595 24.0844 -4.58222 
5.5 7.01961 -20.419 23.2617 -5.51437 
5.6 5.28157 -26.6514 22.35 -7.18409 
5.7 2.89083 -33.5566 21.3492 -9.5914 
5.8 -0.152604 -41.1346 20.2594 -12.7363 
5.9 -3.84873 -49.3854 19.0805 -16.6188 
6 -8.19754 -58.3091 17.8125 -21.2388 
6.1 -12.6185 -66.9604 16.5211 -25.9251 
6.2 -16.5309 -74.3942 15.2719 -30.0063 
6.3 -19.9348 -80.6104 14.0648 -33.4825 
6.4 -22.8302 -85.6091 12.9 -36.3535 
6.5 -25.2171 -89.3902 11.7773 -38.6195 
6.6 -27.0954 -91.9537 10.6969 -40.2804 
6.7 -28.4653 -93.2997 9.65859 -41.3363 
6.8 -29.3267 -93.4282 8.6625 -41.787 
6.9 -29.6796 -92.339 7.70859 -41.6327 
7 -29.524 -90.0324 6.79688 -40.8733 
7.1 -28.8598 -86.5081 5.92734 -39.5088 
7.2 -27.6872 -81.7663 5.1 -37.5393 
7.3 -26.0061 -75.807 4.31484 -34.9646 
7.4 -23.8164 -68.6301 3.57188 -31.7849 
7.5 -21.1183 -60.2356 2.87109 -28.0001 
7.6 -17.9116 -50.6236 2.2125 -23.6103 
7.7 -14.1965 -39.794 1.59609 -18.6153 
7.8 -9.97283 -27.7469 1.02188 -13.0153 
7.9 -5.24066 -14.4822 0.489844 -6.81018 
8 0 0 0 0 
