0 19.374 36.5679 -6.5 51.9419 
0.1 18.2494 35.078 -6.2 49.4868 
0.2 17.1248 33.588 -5.9 47.0316 
0.3 16.0003 32.098 -5.6 44.5764 
0.4 14.8757 30.608 -5.3 42.1212 
0.5 13.7511 29.118 -5 39.666 
0.6 12.6265 27.6281 -4.7 37.2108 
0.7 11.5019 26.1381 -4.4 34.7556 
0.8 10.3773 24.6481 -4.1 32.3004 
0.9 9.25272 23.1581 -3.8 29.8452 
1 8.12814 21.6681 -3.5 27.39 
1.1 7.00355 20.1782 -3.2 24.9348 
1.2 5.87896 18.6882 -2.9 22.4796 
1.3 4.75437 17.1982 -2.6 20.0245 
1.4 3.62978 15.7082 -2.3 17.5693 
1.5 2.50519 14.2183 -2 15.1141 
1.6 1.38061 12.7283 -1.7 12.6589 
1.7 0.256017 11.2383 -1.4 10.2037 
1.8 -0.868571 9.74832 -1.1 7.7485 
1.9 -1.99316 8.25834 -0.8 5.2933 
2 -3.11775 6.76836 -0.5 2.83811 
2.1 -4.24234 5.27838 -0.2 0.38292 
2.2 -5.36692 3.7884 0.1 -2.07227 
2.3 -6.49151 2.29842 0.4 -4.52746 
2.4 -7.6161 0.808446 0.7 -6.98266 
2.5 -8.74069 -0.681533 1 -9.43785 
2.6 -9.86528 -2.17151 1.3 -11.893 
2.7 -10.9899 -3.66149 1.6 -14.3482 
2.8 -12.1145 -5.15147 1.9 -16.8034 
2.9 -13.239 -6.64145 2.2 -19.2586 
3 -14.3636 -8.13142 2.5 -21.7138 
3.1 -15.4882 -9.6214 2.8 -24.169 
3.2 -16.6128 -11.1114 3.1 -26.6242 
3.3 -17.7374 -12.6014 3.4 -29.0794 
3.4 -18.862 -14.0913 3.7 -31.5346 
3.5 -19.9866 -15.5813 4 -33.9898 
3.6 -21.1112 -17.0713 4.3 -36.445 
3.7 -22.2358 -18.5613 4.6 -38.9001 
3.8 -23.3603 -20.0513 4.9 -41.3553 
3.9 -24.4849 -21.5412 5.2 -43.8105 
4 -25.6095 -23.0312 5.5 -46.2657 
4.1 -24.4695 -22.3632 5.44375 -44.5609 
4.2 -23.3295 -21.6952 5.3875 -42.856 
4.3 -22.1895 -21.0272 5.33125 -41.1511 
4.4 -21.0495 -20.3592 5.275 -39.4462 
4.5 -19.9095 -19.6912 5.21875 -37.7414 
4.6 -18.7695 -19.0232 5.1625 -36.0365 
4.7 -17.6295 -18.3552 5.10625 -34.3316 
4.8 -16.4895 -17.6872 5.05 -32.6268 
4.9 -15.3496 -17.0192 4.99375 -30.9219 
5 -14.2096 -16.3512 4.9375 -29.217 
5.1 -13.0696 -15.6832 4.88125 -27.5122 
5.2 -11.9296 -15.0152 4.825 -25.8073 
5.3 -10.7896 -14.3472 4.76875 -24.1024 
5.4 -9.64957 -13.6792 4.7125 -22.3976 
5.5 -8.50958 -13.0112 4.65625 -20.6927 
5.6 -7.36958 -12.3432 4.6 -18.9878 
5.7 -6.22958 -11.6752 4.54375 -17.2829 
5.8 -5.08959 -11.0072 4.4875 -15.5781 
5.9 -3.94959 -10.3392 4.43125 -13.8732 
6 -2.8096 -9.67124 4.375 -12.1683 
6.1 -1.6696 -9.00324 4.31875 -10.4635 
6.2 -0.529604 -8.33524 4.2625 -8.75859 
6.3 0.610392 -7.66724 4.20625 -7.05372 
6.4 1.75039 -6.99924 4.15 -5.34886 
6.5 2.89038 -6.33124 4.09375 -3.64399 
6.6 4.03038 -5.66325 4.0375 -1.93912 
6.7 5.17038 -4.99525 3.98125 -0.234247 
6.8 6.31037 -4.32725 3.925 1.47062 
6.9 7.45037 -3.65925 3.86875 3.17549 
7 8.59036 -2.99125 3.8125 4.88036 
7.1 9.73036 -2.32325 3.75625 6.58523 
7.2 10.8704 -1.65525 3.7 8.2901 
7.3 12.0104 -0.987256 3.64375 9.99497 
7.4 13.1503 -0.319258 3.5875 11.6998 
7.5 14.2903 0.348741 3.53125 13.4047 
7.6 15.4303 1.01674 3.475 15.1096 
7.7 16.5703 1.68474 3.41875 16.8144 
7.8 17.7103 2.35274 3.3625 18.5193 
7.9 18.8503 3.02074 3.30625 20.2242 
8 19.9903 3.68873 3.25 21.9291 
8.1 19.2872 3.64944 2.89375 21.2991 
8.2 18.584 3.61015 2.5375 20.6692 
8.3 17.8809 3.57086 2.18125 20.0392 
8.4 17.1777 3.53156 1.825 19.4093 
8.5 16.4746 3.49227 1.46875 18.7793 
8.6 15.7714 3.45298 1.1125 18.1494 
8.7 15.0683 3.41368 0.75625 17.5195 
8.8 14.3651 3.37439 0.4 16.8895 
8.9 13.662 3.3351 0.04375 16.2596 
9 12.9588 3.29581 -0.3125 15.6296 
9.1 12.2557 3.25651 -0.66875 14.9997 
9.2 11.5525 3.21722 -1.025 14.3698 
9.3 10.8494 3.17793 -1.38125 13.7398 
9.4 10.1462 3.13863 -1.7375 13.1099 
9.5 9.44309 3.09934 -2.09375 12.4799 
9.6 8.73994 3.06005 -2.45 11.85 
9.7 8.03679 3.02076 -2.80625 11.22 
9.8 7.33364 2.98146 -3.1625 10.5901 
9.9 6.63049 2.94217 -3.51875 9.96016 
10 5.92734 2.90288 -3.875 9.33022 
10.1 5.22419 2.86359 -4.23125 8.70028 
10.2 4.52105 2.82429 -4.5875 8.07034 
10.3 3.8179 2.785 -4.94375 7.4404 
10.4 3.11475 2.74571 -5.3 6.81045 
10.5 2.4116 2.70641 -5.65625 6.18051 
10.6 1.70845 2.66712 -6.0125 5.55057 
10.7 1.0053 2.62783 -6.36875 4.92063 
10.8 0.302152 2.58854 -6.725 4.29069 
10.9 -0.400997 2.54924 -7.08125 3.66075 
11 -1.10415 2.50995 -7.4375 3.0308 
11.1 -1.8073 2.47066 -7.79375 2.40086 
11.2 -2.51044 2.43136 -8.15 1.77092 
11.3 -3.21359 2.39207 -8.50625 1.14098 
11.4 -3.91674 2.35278 -8.8625 0.511036 
11.5 -4.61989 2.31349 -9.21875 -0.118905 
11.6 -5.32304 2.27419 -9.575 -0.748847 
11.7 -6.02619 2.2349 -9.93125 -1.37879 
11.8 -6.72934 2.19561 -10.2875 -2.00873 
11.9 -7.43249 2.15631 -10.6437 -2.63867 
12 -8.13564 2.11702 -11 -3.26861 
