0 72.482 -66.8062 -175 -4.32423 
0.1 72.577 -66.6258 -175.032 -4.06861 
0.2 72.8545 -66.0947 -175.126 -3.31812 
0.3 73.3032 -65.2277 -175.279 -2.09732 
0.4 73.9119 -64.0397 -175.488 -0.430757 
0.5 74.6694 -62.5456 -175.75 1.65702 
0.6 75.5644 -60.7604 -176.062 4.14146 
0.7 76.5857 -58.6988 -176.421 6.998 
0.8 77.722 -56.3759 -176.824 10.2021 
0.9 78.9621 -53.8065 -177.268 13.7292 
1 80.2947 -51.0055 -177.75 17.5548 
1.1 81.7085 -47.9879 -178.267 21.6542 
1.2 83.1925 -44.7684 -178.816 26.003 
1.3 84.7352 -41.3621 -179.394 30.5766 
1.4 86.3254 -37.7838 -179.998 35.3505 
1.5 87.9519 -34.0484 -180.625 40.3 
1.6 89.6035 -30.1708 -181.272 45.4007 
1.7 91.2689 -26.166 -181.936 50.628 
1.8 92.9369 -22.0487 -182.614 55.9573 
1.9 94.5962 -17.834 -183.303 61.3641 
2 96.2355 -13.5367 -184 66.8238 
2.1 97.8437 -9.17173 -184.702 72.3119 
2.2 99.4094 -4.75396 -185.406 77.8038 
2.3 100.921 -0.298306 -186.109 83.275 
2.4 102.369 4.18033 -186.808 88.701 
2.5 103.74 8.66706 -187.5 94.0571 
2.6 105.023 13.147 -188.182 99.3188 
2.7 106.208 17.6052 -188.851 104.462 
2.8 107.283 22.0267 -189.504 109.461 
2.9 108.237 26.3968 -190.138 114.292 
3 109.059 30.7005 -190.75 118.931 
3.1 109.736 34.9228 -191.337 123.352 
3.2 110.259 39.0489 -191.896 127.532 
3.3 110.616 43.0639 -192.424 131.446 
3.4 110.796 46.9529 -192.918 135.069 
3.5 110.787 50.701 -193.375 138.376 
3.6 110.578 54.2933 -193.792 141.344 
3.7 110.158 57.7148 -194.166 143.947 
3.8 109.515 60.9508 -194.494 146.161 
3.9 108.639 63.9862 -194.773 147.962 
4 107.518 66.8062 -195 149.324 
4.1 106.145 69.3995 -195.173 150.231 
4.2 104.527 71.7692 -195.291 150.692 
4.3 102.676 73.9219 -195.355 150.725 
4.4 100.602 75.8643 -195.366 150.346 
4.5 98.3189 77.6032 -195.324 149.572 
4.6 95.8361 79.1451 -195.23 148.422 
4.7 93.1657 80.4968 -195.085 146.91 
4.8 90.319 81.665 -194.888 145.056 
4.9 87.3074 82.6563 -194.641 142.875 
5 84.1423 83.4774 -194.344 140.385 
5.1 80.8351 84.1349 -193.997 137.603 
5.2 77.3972 84.6357 -193.602 134.546 
5.3 73.84 84.9863 -193.158 131.231 
5.4 70.1749 85.1934 -192.667 127.674 
5.5 66.4133 85.2637 -192.129 123.894 
5.6 62.5666 85.204 -191.544 119.907 
5.7 58.6463 85.0207 -190.913 115.729 
5.8 54.6636 84.7208 -190.237 111.379 
5.9 50.63 84.3107 -189.516 106.874 
6 46.557 83.7973 -188.75 102.229 
6.1 42.4558 83.1872 -187.941 97.4631 
6.2 38.338 82.487 -187.088 92.5923 
6.3 34.2148 81.7035 -186.193 87.6339 
6.4 30.0978 80.8433 -185.256 82.605 
6.5 25.9982 79.9131 -184.277 77.5226 
6.6 21.9276 78.9196 -183.258 72.4038 
6.7 17.8972 77.8694 -182.198 67.2655 
6.8 13.9186 76.7693 -181.098 62.1249 
6.9 10.0031 75.626 -179.959 56.9991 
7 6.16206 74.446 -178.781 51.9049 
7.1 2.40694 73.2361 -177.565 46.8596 
7.2 -1.25087 72.003 -176.312 41.8802 
7.3 -4.79999 70.7534 -175.022 36.9836 
7.4 -8.22899 69.4939 -173.695 32.187 
7.5 -11.5265 68.2311 -172.332 27.5074 
7.6 -14.6811 66.9719 -170.934 22.9618 
7.7 -17.6814 65.7228 -169.501 18.5673 
7.8 -20.516 64.4906 -168.034 14.341 
7.9 -23.1735 63.2819 -166.534 10.2999 
8 -25.6425 62.1035 -165 6.46098 
8.1 -27.9146 60.9607 -163.434 2.83749 
8.2 -29.9939 59.8544 -161.84 -0.573015 
8.3 -31.8874 58.7842 -160.22 -3.77683 
8.4 -33.602 57.7498 -158.578 -6.78024 
8.5 -35.1449 56.7506 -156.918 -9.58957 
8.6 -36.523 55.7864 -155.243 -12.2111 
8.7 -37.7434 54.8567 -153.557 -14.6511 
8.8 -38.8131 53.9611 -151.864 -16.916 
8.9 -39.7392 53.0993 -150.167 -19.0119 
9 -40.5286 52.2708 -148.469 -20.9453 
9.1 -41.1885 51.4753 -146.774 -22.7223 
9.2 -41.7258 50.7124 -145.086 -24.3494 
9.3 -42.1475 49.9816 -143.408 -25.8328 
9.4 -42.4608 49.2826 -141.744 -27.1787 
9.5 -42.6726 48.615 -140.098 -28.3936 
9.6 -42.79 47.9784 -138.472 -29.4836 
9.7 -42.82 47.3724 -136.871 -30.4552 
9.8 -42.7696 46.7966 -135.298 -31.3146 
9.9 -42.6459 46.2506 -133.756 -32.068 
10 -42.4559 45.734 -132.25 -32.7219 
10.1 -42.2066 45.2465 -130.782 -33.2825 
10.2 -41.9051 44.7876 -129.357 -33.756 
10.3 -41.5583 44.3569 -127.978 -34.1489 
10.4 -41.1734 43.9541 -126.648 -34.4673 
10.5 -40.7573 43.5787 -125.371 -34.7177 
10.6 -40.3171 43.2304 -124.151 -34.9062 
10.7 -39.8599 42.9088 -122.991 -35.0392 
10.8 -39.3925 42.6135 -121.894 -35.1231 
10.9 -38.9222 42.344 -120.865 -35.164 
11 -38.4559 42.1001 -119.906 -35.1683 
11.1 -38.0006 41.8812 -119.022 -35.1423 
11.2 -37.5633 41.687 -118.216 -35.0923 
11.3 -37.1512 41.5172 -117.491 -35.0246 
11.4 -36.7712 41.3713 -116.852 -34.9455 
11.5 -36.4304 41.2489 -116.301 -34.8612 
11.6 -36.1358 41.1496 -115.842 -34.7782 
11.7 -35.8944 41.0731 -115.479 -34.7026 
11.8 -35.7133 41.0189 -115.215 -34.6409 
11.9 -35.5995 40.9867 -115.054 -34.5992 
12 -35.5599 40.9761 -115 -34.5839 
