0 200 200 100 10 
0.1 198.484 203.103 100.132 10.0922 
0.2 193.868 211.913 100.509 10.3573 
0.3 185.721 225.551 101.107 10.7781 
0.4 173.352 242.908 101.9 11.3371 
0.5 156.041 262.604 102.861 12.0173 
0.6 133.263 282.983 103.966 12.8013 
0.7 104.898 302.188 105.187 13.6717 
0.8 71.3819 318.323 106.5 14.6114 
0.9 33.7684 329.677 107.879 15.6031 
1 -6.32403 334.967 109.297 16.6295 
1.1 -46.8838 333.55 110.729 17.6732 
1.2 -85.762 325.541 112.15 18.7171 
1.3 -120.961 311.805 113.533 19.7439 
1.4 -150.891 293.827 114.853 20.7362 
1.5 -174.533 273.492 116.084 21.6769 
1.6 -191.491 252.817 117.2 22.5486 
1.7 -201.918 233.712 118.175 23.334 
1.8 -206.352 217.792 118.984 24.0159 
1.9 -205.498 206.284 119.601 24.577 
2 -200 200 120 25 
2.1 -190.337 199.188 120.161 25.2742 
2.2 -176.999 203.066 120.088 25.4148 
2.3 -160.186 210.522 119.791 25.4438 
2.4 -139.851 220.356 119.28 25.3829 
2.5 -115.858 231.3 118.564 25.2539 
2.6 -88.12 242.028 117.654 25.0787 
2.7 -56.7109 251.185 116.56 24.8792 
2.8 -21.9597 257.44 115.29 24.6771 
2.9 15.4963 259.569 113.855 24.4944 
3 54.7011 256.559 112.266 24.3527 
3.1 94.4208 247.721 110.531 24.274 
3.2 133.239 232.79 108.66 24.28 
3.3 169.691 211.98 106.664 24.3927 
3.4 202.428 185.993 104.552 24.6338 
3.5 230.366 155.968 102.334 25.0251 
3.6 252.818 123.371 100.02 25.5886 
3.7 269.56 89.8535 97.6198 26.346 
3.8 280.842 57.0984 95.1431 27.3191 
3.9 287.332 26.6867 92.5999 28.5298 
4 290 -4.68958e-13 90 30 
4.1 290.001 -22.0057 87.353 31.738 
4.2 288.479 -39.3493 84.6681 33.6984 
4.3 286.291 -52.418 81.9541 35.8225 
4.4 284.008 -61.6942 79.22 38.0514 
4.5 281.977 -67.6969 76.4746 40.3265 
4.6 280.383 -70.9489 73.7269 42.5888 
4.7 279.3 -71.9624 70.9857 44.7795 
4.8 278.736 -71.2333 68.26 46.84 
4.9 278.668 -69.2421 65.5587 48.7114 
5 279.064 -66.4562 62.8906 50.3348 
5.1 279.903 -63.334 60.2648 51.6516 
5.2 281.173 -60.3307 57.69 52.6029 
5.3 282.878 -57.9045 55.1752 53.1298 
5.4 285.019 -56.5251 52.7294 53.1738 
5.5 287.579 -56.6841 50.3613 52.6758 
5.6 290.492 -58.9041 48.08 51.5771 
5.7 293.603 -63.7457 45.8943 49.819 
5.8 296.611 -71.8053 43.8131 47.3427 
5.9 299.009 -83.6963 41.8454 44.0893 
6 300 -100 40 40 
6.1 298.461 -120.992 38.2837 35.0446 
6.2 293.171 -145.969 36.6944 29.3066 
6.3 283.021 -173.704 35.2279 22.8982 
6.4 267.189 -202.63 33.88 15.9314 
6.5 245.307 -230.929 32.6465 8.51842 
6.6 217.581 -256.698 31.5231 0.77125 
6.7 184.829 -278.165 30.5057 -7.19797 
6.8 148.425 -293.914 29.59 -15.2771 
6.9 110.138 -303.077 28.7718 -23.3542 
7 71.9061 -305.443 28.0469 -31.317 
7.1 35.5893 -301.466 27.411 -39.0534 
7.2 2.73718 -292.175 26.86 -46.4514 
7.3 -25.5705 -278.999 26.3896 -53.3989 
7.4 -48.7937 -263.563 25.9956 -59.7837 
7.5 -66.9071 -247.49 25.6738 -65.4939 
7.6 -80.2989 -232.24 25.42 -70.4171 
7.7 -89.619 -219.028 25.2299 -74.4415 
7.8 -95.6081 -208.802 25.0994 -77.4548 
7.9 -98.9276 -202.277 25.0241 -79.345 
8 -100 -200 25 -80 
