0 18.2706 36.4328 -6.16071 50.6521 
0.1 17.2288 34.9529 -5.88616 48.2936 
0.2 16.187 33.4731 -5.61161 45.9352 
0.3 15.1451 31.9932 -5.33705 43.5767 
0.4 14.1033 30.5134 -5.0625 41.2183 
0.5 13.0615 29.0336 -4.78795 38.8598 
0.6 12.0196 27.5537 -4.51339 36.5014 
0.7 10.9778 26.0739 -4.23884 34.1429 
0.8 9.93596 24.594 -3.96429 31.7845 
0.9 8.89412 23.1142 -3.68973 29.426 
1 7.85229 21.6344 -3.41518 27.0676 
1.1 6.81045 20.1545 -3.14063 24.7091 
1.2 5.76862 18.6747 -2.86607 22.3507 
1.3 4.72679 17.1948 -2.59152 19.9922 
1.4 3.68495 15.715 -2.31696 17.6338 
1.5 2.64312 14.2351 -2.04241 15.2753 
1.6 1.60128 12.7553 -1.76786 12.9169 
1.7 0.55945 11.2755 -1.4933 10.5584 
1.8 -0.482384 9.79562 -1.21875 8.19996 
1.9 -1.52422 8.31578 -0.944196 5.84151 
2 -2.56605 6.83594 -0.669643 3.48306 
2.1 -3.60789 5.3561 -0.395089 1.12461 
2.2 -4.64972 3.87626 -0.120536 -1.23384 
2.3 -5.69155 2.39642 0.154018 -3.59229 
2.4 -6.73339 0.916579 0.428571 -5.95074 
2.5 -7.77522 -0.563263 0.703125 -8.30919 
2.6 -8.81706 -2.0431 0.977679 -10.6676 
2.7 -9.85889 -3.52294 1.25223 -13.0261 
2.8 -10.9007 -5.00279 1.52679 -15.3845 
2.9 -11.9426 -6.48263 1.80134 -17.743 
3 -12.9844 -7.96247 2.07589 -20.1014 
3.1 -14.0262 -9.44231 2.35045 -22.4599 
3.2 -15.0681 -10.9221 2.625 -24.8183 
3.3 -16.1099 -12.402 2.89955 -27.1768 
3.4 -17.1517 -13.8818 3.17411 -29.5352 
3.5 -18.1936 -15.3617 3.44866 -31.8937 
3.6 -19.2354 -16.8415 3.72321 -34.2521 
3.7 -20.2772 -18.3214 3.99777 -36.6106 
3.8 -21.3191 -19.8012 4.27232 -38.969 
3.9 -22.3609 -21.281 4.54688 -41.3275 
4 -23.4027 -22.7609 4.82143 -43.6859 
4.1 -22.511 -22.1233 4.84152 -42.2713 
4.2 -21.6193 -21.4857 4.86161 -40.8566 
4.3 -20.7275 -20.8481 4.8817 -39.442 
4.4 -19.8358 -20.2105 4.90179 -38.0274 
4.5 -18.9441 -19.5729 4.92188 -36.6127 
4.6 -18.0523 -18.9354 4.94196 -35.1981 
4.7 -17.1606 -18.2978 4.96205 -33.7834 
4.8 -16.2689 -17.6602 4.98214 -32.3688 
4.9 -15.3771 -17.0226 5.00223 -30.9541 
5 -14.4854 -16.385 5.02232 -29.5395 
5.1 -13.5937 -15.7474 5.04241 -28.1249 
5.2 -12.7019 -15.1098 5.0625 -26.7102 
5.3 -11.8102 -14.4723 5.08259 -25.2956 
5.4 -10.9185 -13.8347 5.10268 -23.8809 
5.5 -10.0267 -13.1971 5.12277 -22.4663 
5.6 -9.13501 -12.5595 5.14286 -21.0516 
5.7 -8.24327 -11.9219 5.16295 -19.637 
5.8 -7.35154 -11.2843 5.18304 -18.2224 
5.9 -6.45981 -10.6467 5.20312 -16.8077 
6 -5.56807 -10.0092 5.22321 -15.3931 
6.1 -4.67634 -9.37157 5.2433 -13.9784 
6.2 -3.78461 -8.73398 5.26339 -12.5638 
6.3 -2.89287 -8.09639 5.28348 -11.1491 
6.4 -2.00114 -7.45881 5.30357 -9.7345 
6.5 -1.10941 -6.82122 5.32366 -8.31986 
6.6 -0.217674 -6.18363 5.34375 -6.90521 
6.7 0.674059 -5.54605 5.36384 -5.49057 
6.8 1.56579 -4.90846 5.38393 -4.07593 
6.9 2.45752 -4.27088 5.40402 -2.66129 
7 3.34926 -3.63329 5.42411 -1.24664 
7.1 4.24099 -2.9957 5.4442 0.168 
7.2 5.13272 -2.35812 5.46429 1.58264 
7.3 6.02446 -1.72053 5.48437 2.99729 
7.4 6.91619 -1.08294 5.50446 4.41193 
7.5 7.80792 -0.445358 5.52455 5.82657 
7.6 8.69966 0.192229 5.54464 7.24122 
7.7 9.59139 0.829815 5.56473 8.65586 
7.8 10.4831 1.4674 5.58482 10.0705 
7.9 11.3749 2.10499 5.60491 11.4851 
8 12.2666 2.74257 5.625 12.8998 
8.1 12.4737 2.81479 4.98884 13.334 
8.2 12.6809 2.88701 4.35268 13.7682 
8.3 12.888 2.95923 3.71652 14.2025 
8.4 13.0952 3.03145 3.08036 14.6367 
8.5 13.3023 3.10367 2.4442 15.0709 
8.6 13.5095 3.17589 1.80804 15.5051 
8.7 13.7166 3.24811 1.17188 15.9393 
8.8 13.9238 3.32033 0.535714 16.3736 
8.9 14.1309 3.39254 -0.100446 16.8078 
9 14.3381 3.46476 -0.736607 17.242 
9.1 14.5452 3.53698 -1.37277 17.6762 
9.2 14.7524 3.6092 -2.00893 18.1105 
9.3 14.9595 3.68142 -2.64509 18.5447 
9.4 15.1667 3.75364 -3.28125 18.9789 
9.5 15.3738 3.82586 -3.91741 19.4131 
9.6 15.581 3.89808 -4.55357 19.8473 
9.7 15.7881 3.9703 -5.18973 20.2816 
9.8 15.9953 4.04251 -5.82589 20.7158 
9.9 16.2024 4.11473 -6.46205 21.15 
10 16.4096 4.18695 -7.09821 21.5842 
10.1 16.6167 4.25917 -7.73437 22.0185 
10.2 16.8239 4.33139 -8.37054 22.4527 
10.3 17.031 4.40361 -9.0067 22.8869 
10.4 17.2381 4.47583 -9.64286 23.3211 
10.5 17.4453 4.54805 -10.279 23.7553 
10.6 17.6524 4.62027 -10.9152 24.1896 
10.7 17.8596 4.69249 -11.5513 24.6238 
10.8 18.0667 4.7647 -12.1875 25.058 
10.9 18.2739 4.83692 -12.8237 25.4922 
11 18.481 4.90914 -13.4598 25.9265 
11.1 18.6882 4.98136 -14.096 26.3607 
11.2 18.8953 5.05358 -14.7321 26.7949 
11.3 19.1025 5.1258 -15.3683 27.2291 
11.4 19.3096 5.19802 -16.0045 27.6633 
11.5 19.5168 5.27024 -16.6406 28.0976 
11.6 19.7239 5.34246 -17.2768 28.5318 
11.7 19.9311 5.41467 -17.9129 28.966 
11.8 20.1382 5.48689 -18.5491 29.4002 
11.9 20.3454 5.55911 -19.1853 29.8345 
12 20.5525 5.63133 -19.8214 30.2687 
12.1 19.1111 5.29908 -18.7031 28.2715 
12.2 17.6697 4.96682 -17.5848 26.2744 
12.3 16.2283 4.63457 -16.4665 24.2772 
12.4 14.7869 4.30232 -15.3482 22.2801 
12.5 13.3455 3.97006 -14.2299 20.283 
12.6 11.9041 3.63781 -13.1116 18.2858 
12.7 10.4627 3.30556 -11.9933 16.2887 
12.8 9.02134 2.9733 -10.875 14.2915 
12.9 7.57994 2.64105 -9.7567 12.2944 
13 6.13855 2.30879 -8.63839 10.2972 
13.1 4.69715 1.97654 -7.52009 8.30008 
13.2 3.25575 1.64429 -6.40179 6.30294 
13.3 1.81435 1.31203 -5.28348 4.30579 
13.4 0.372955 0.979779 -4.16518 2.30865 
13.5 -1.06844 0.647526 -3.04688 0.311505 
13.6 -2.50984 0.315272 -1.92857 -1.68564 
13.7 -3.95124 -0.0169819 -0.810268 -3.68278 
13.8 -5.39264 -0.349236 0.308036 -5.67993 
13.9 -6.83403 -0.681489 1.42634 -7.67707 
14 -8.27543 -1.01374 2.54464 -9.67422 
14.1 -9.71683 -1.346 3.66295 -11.6714 
14.2 -11.1582 -1.67825 4.78125 -13.6685 
14.3 -12.5996 -2.0105 5.89955 -15.6657 
14.4 -14.041 -2.34276 7.01786 -17.6628 
14.5 -15.4824 -2.67501 8.13616 -19.6599 
14.6 -16.9238 -3.00727 9.25446 -21.6571 
14.7 -18.3652 -3.33952 10.3728 -23.6542 
14.8 -19.8066 -3.67177 11.4911 -25.6514 
14.9 -21.248 -4.00403 12.6094 -27.6485 
15 -22.6894 -4.33628 13.7277 -29.6457 
15.1 -24.1308 -4.66853 14.846 -31.6428 
15.2 -25.5722 -5.00079 15.9643 -33.64 
15.3 -27.0136 -5.33304 17.0826 -35.6371 
15.4 -28.455 -5.6653 18.2009 -37.6342 
15.5 -29.8964 -5.99755 19.3192 -39.6314 
15.6 -31.3378 -6.3298 20.4375 -41.6285 
15.7 -32.7792 -6.66206 21.5558 -43.6257 
15.8 -34.2206 -6.99431 22.6741 -45.6228 
15.9 -35.662 -7.32656 23.7924 -47.62 
16 -37.1034 -7.65882 24.9107 -49.6171 
