0 72.482 -66.8062 -175 -4.32423 
0.1 72.5716 -66.6265 -175.03 -4.0749 
0.2 72.8335 -66.0973 -175.12 -3.34263 
0.3 73.2573 -65.2333 -175.265 -2.15101 
0.4 73.8325 -64.0494 -175.464 -0.52363 
0.5 74.5488 -62.5604 -175.713 1.51594 
0.6 75.3956 -60.781 -176.01 3.9441 
0.7 76.3627 -58.7261 -176.352 6.73728 
0.8 77.4395 -56.4105 -176.737 9.87189 
0.9 78.6157 -53.8489 -177.162 13.3243 
1 79.8809 -51.0562 -177.623 17.0711 
1.1 81.2246 -48.0472 -178.118 21.0884 
1.2 82.6363 -44.8366 -178.645 25.3529 
1.3 84.1058 -41.4392 -179.2 29.8409 
1.4 85.6225 -37.8699 -179.782 34.5288 
1.5 87.1761 -34.1434 -180.386 39.3931 
1.6 88.7561 -30.2746 -181.011 44.4101 
1.7 90.3521 -26.2783 -181.654 49.5562 
1.8 91.9538 -22.1692 -182.312 54.808 
1.9 93.5506 -17.9621 -182.981 60.1417 
2 95.1321 -13.6719 -183.661 65.5339 
2.1 96.688 -9.3133 -184.347 70.9609 
2.2 98.2078 -4.90116 -185.037 76.3991 
2.3 99.6811 -0.450249 -185.728 81.825 
2.4 101.098 4.02462 -186.417 87.215 
2.5 102.447 8.50866 -187.102 92.5455 
2.6 103.718 12.9871 -187.781 97.7929 
2.7 104.901 17.445 -188.449 102.934 
2.8 105.986 21.8678 -189.105 107.944 
2.9 106.961 26.2405 -189.746 112.801 
3 107.817 30.5484 -190.368 117.48 
3.1 108.544 34.7767 -190.97 121.958 
3.2 109.13 38.9105 -191.549 126.211 
3.3 109.565 42.9351 -192.101 130.217 
3.4 109.839 46.8357 -192.624 133.95 
3.5 109.942 50.5975 -193.115 137.389 
3.6 109.863 54.2057 -193.572 140.508 
3.7 109.591 57.6454 -193.992 143.285 
3.8 109.117 60.902 -194.372 145.696 
3.9 108.429 63.9605 -194.708 147.717 
4 107.518 66.8062 -195 149.324 
4.1 106.376 69.4278 -195.244 150.501 
4.2 105.009 71.8282 -195.439 151.256 
4.3 103.426 74.0138 -195.586 151.602 
4.4 101.635 75.9908 -195.684 151.553 
4.5 99.6464 77.7658 -195.732 151.124 
4.6 97.468 79.345 -195.732 150.329 
4.7 95.1092 80.7349 -195.682 149.182 
4.8 92.5787 81.9418 -195.583 147.698 
4.9 89.8856 82.9721 -195.434 145.889 
5 87.0387 83.8322 -195.234 143.771 
5.1 84.0469 84.5284 -194.985 141.358 
5.2 80.9192 85.0671 -194.685 138.663 
5.3 77.6645 85.4548 -194.334 135.701 
5.4 74.2917 85.6977 -193.933 132.487 
5.5 70.8096 85.8023 -193.481 129.033 
5.6 67.2274 85.7749 -192.977 125.355 
5.7 63.5537 85.6219 -192.422 121.466 
5.8 59.7977 85.3497 -191.815 117.381 
5.9 55.9681 84.9647 -191.157 113.114 
6 52.0739 84.4731 -190.446 108.679 
6.1 48.1241 83.8815 -189.684 104.089 
6.2 44.1274 83.1962 -188.868 99.3604 
6.3 40.093 82.4235 -188.001 94.5057 
6.4 36.0296 81.5699 -187.08 89.5395 
6.5 31.9462 80.6417 -186.106 84.476 
6.6 27.8517 79.6453 -185.079 79.3292 
6.7 23.755 78.587 -183.999 74.1134 
6.8 19.6651 77.4733 -182.865 68.8427 
6.9 15.5908 76.3105 -181.677 63.5313 
7 11.5411 75.1049 -180.435 58.1932 
7.1 7.52488 73.8631 -179.139 52.8427 
7.2 3.55108 72.5913 -177.789 47.4938 
7.3 -0.371389 71.2959 -176.383 42.1608 
7.4 -4.23362 69.9833 -174.923 36.8577 
7.5 -8.02668 68.6599 -173.408 31.5988 
7.6 -11.7417 67.332 -171.838 26.3981 
7.7 -15.3697 66.006 -170.212 21.2698 
7.8 -18.9017 64.6884 -168.531 16.2281 
7.9 -22.329 63.3854 -166.793 11.2871 
8 -25.6425 62.1035 -165 6.46098 
8.1 -28.8345 60.848 -163.152 1.7622 
8.2 -31.9017 59.6207 -161.253 -2.80324 
8.3 -34.8421 58.4223 -159.311 -7.231 
8.4 -37.6537 57.2534 -157.332 -11.5167 
8.5 -40.3343 56.1149 -155.322 -15.6561 
8.6 -42.8818 55.0074 -153.288 -19.6448 
8.7 -45.2943 53.9317 -151.236 -23.4784 
8.8 -47.5696 52.8884 -149.171 -27.1526 
8.9 -49.7057 51.8784 -147.102 -30.6631 
9 -51.7004 50.9023 -145.033 -34.0055 
9.1 -53.5518 49.9608 -142.972 -37.1755 
9.2 -55.2577 49.0547 -140.925 -40.1687 
9.3 -56.8162 48.1847 -138.898 -42.9808 
9.4 -58.225 47.3515 -136.897 -45.6075 
9.5 -59.4821 46.5558 -134.929 -48.0443 
9.6 -60.5855 45.7984 -133 -50.2871 
9.7 -61.5331 45.08 -131.117 -52.3314 
9.8 -62.3228 44.4013 -129.285 -54.1728 
9.9 -62.9526 43.763 -127.512 -55.8071 
10 -63.4203 43.1659 -125.804 -57.2299 
10.1 -63.724 42.6106 -124.166 -58.4369 
10.2 -63.8614 42.0979 -122.606 -59.4237 
10.3 -63.8307 41.6285 -121.129 -60.1859 
10.4 -63.6296 41.2032 -119.743 -60.7193 
10.5 -63.2562 40.8226 -118.453 -61.0194 
10.6 -62.7082 40.4875 -117.266 -61.0821 
10.7 -61.9838 40.1986 -116.188 -60.9028 
10.8 -61.0808 39.9567 -115.225 -60.4773 
10.9 -59.9971 39.7623 -114.384 -59.8012 
11 -58.7307 39.6164 -113.672 -58.8701 
11.1 -57.2794 39.5195 -113.094 -57.6798 
11.2 -55.6413 39.4725 -112.657 -56.226 
11.3 -53.8142 39.476 -112.368 -54.5041 
11.4 -51.7961 39.5307 -112.232 -52.51 
11.5 -49.5849 39.6374 -112.256 -50.2392 
11.6 -47.1785 39.7969 -112.446 -47.6875 
11.7 -44.5749 40.0097 -112.81 -44.8504 
11.8 -41.772 40.2767 -113.352 -41.7237 
11.9 -38.7677 40.5986 -114.08 -38.303 
12 -35.5599 40.9761 -115 -34.5839 
12.1 -32.1494 41.4092 -116.115 -30.5662 
12.2 -28.5478 41.8952 -117.417 -26.2658 
12.3 -24.7694 42.431 -118.895 -21.7026 
12.4 -20.8288 43.0131 -120.538 -16.8967 
12.5 -16.7403 43.6382 -122.334 -11.8679 
12.6 -12.5184 44.3031 -124.272 -6.63638 
12.7 -8.17737 45.0043 -126.342 -1.22196 
12.8 -3.73176 45.7385 -128.531 4.35535 
12.9 0.804075 46.5025 -130.83 10.0756 
13 5.41571 47.2929 -133.225 15.9187 
13.1 10.0887 48.1064 -135.708 21.8649 
13.2 14.8087 48.9397 -138.265 27.894 
13.3 19.5613 49.7894 -140.886 33.9862 
13.4 24.3319 50.6522 -143.561 40.1214 
13.5 29.1064 51.5248 -146.277 46.2797 
13.6 33.8701 52.4039 -149.023 52.4412 
13.7 38.6087 53.2862 -151.788 58.5857 
13.8 43.3079 54.1683 -154.562 64.6935 
13.9 47.953 55.0468 -157.333 70.7444 
14 52.5299 55.9186 -160.089 76.7186 
14.1 57.024 56.7802 -162.82 82.596 
14.2 61.4209 57.6284 -165.515 88.3568 
14.3 65.7063 58.4598 -168.161 93.9808 
14.4 69.8656 59.2711 -170.749 99.4482 
14.5 73.8846 60.059 -173.266 104.739 
14.6 77.7487 60.8201 -175.702 109.833 
14.7 81.4436 61.5511 -178.045 114.711 
14.8 84.9548 62.2487 -180.285 119.352 
14.9 88.268 62.9097 -182.41 123.736 
15 91.3687 63.5305 -184.408 127.844 
15.1 94.2425 64.1081 -186.27 131.656 
15.2 96.8749 64.6389 -187.983 135.151 
15.3 99.2517 65.1197 -189.536 138.31 
15.4 101.358 65.5472 -190.919 141.112 
15.5 103.18 65.9181 -192.119 143.538 
15.6 104.704 66.2289 -193.126 145.568 
15.7 105.913 66.4765 -193.929 147.181 
15.8 106.795 66.6575 -194.517 148.359 
15.9 107.335 66.7685 -194.877 149.079 
16 107.518 66.8062 -195 149.324 
